0.000031644886293898025 188.8845387805299
0.00003281998885485821 221.81712646460872
0.00003403872772457143 259.44051547084933
0.00003617135698664868 304.73634932867805
0.00003843760192338546 349.07913140458754
0.00004134529206723264 403.35388479727214
0.000045567209839553325 461.2822787818872
0.000051455926518304564 526.5108601913619
0.00005881615973861961 588.2149891238256
0.00006722919749911044 649.943956714479
0.00007684563250066559 709.1015953537043
0.0000878375981582329 773.643738569386
0.00010040184977513706 843.1302560049771
0.00011476328644722104 918.8578581474047
0.00013117897673861788 999.7321384542465
0.00014994276018842205 1076.9832175697832
0.00017139050701486303 1162.12423376378
0.00019590613016526293 1249.1657084914043
0.00022392845732699003 1343.4669785789083
0.0002559590859078534 1441.7041636918632
0.0002925713615894558 1545.4196005426656
0.0003344206411688929 1655.6831651756195
0.00038225602339283783 1771.8589911751237
0.00043693375776500225 1896.1866319847027
0.0004994325713435512 2035.9620730729441
0.0005708711878769157 2177.620321612064
0.000652528352869128 2336.852587124252
0.0007458657230217436 2504.9645292503487
0.0008468169153019144 2674.335582205806
0.0009745029852490907 2889.470288174207
0.0011138954659728605 3080.3072008078157
0.001273226586163558 3280.129092165741
0.001455348360088581 3492.913582921345
0.0016635207528885513 3715.402362555955
0.0019014700336917676 3949.8846985550977
0.002173455475532622 4199.165422596864
0.0024843455959971715 4456.800656220668
0.0028397053032972997 4740.686333760946
0.00324589550768121 5048.218293332494
0.0037101869812164842 5369.775612386829
0.004240890504026737 5711.815229041886
0.004847505626588997 6085.699466496037
0.005540890710925046 6487.633378796597
0.006333457294410384 6942.8570486487415
0.007239392255297403 7413.654813060512
0.008274911756697815 7925.111693264513
0.009458551514601237 8457.852028099212
0.010811498585704184 9056.313607491644
0.012357970614024995 9670.425661123636
0.014125649324788582 10309.115106927817
0.01614617602508704 11038.568553090427
0.018455717980737623 11793.598626375651
0.02109561580743925 12621.130783943043
0.024113123464476256 13499.284313953547
0.02756225409679824 14422.625558413056
0.03136148604527048 15377.296491606594
0.03601117207626503 16490.348594121733
0.041162194377338944 17627.99290830906
0.04705001665509691 18823.353779798388
0.053780030455898464 20110.857509605412
0.06147270248679157 21474.582369498472
0.07026573095990388 22918.14261757488
0.08031651037939058 24499.230760848717
0.09180494889043124 26174.96035457548
0.10493668862059248 27996.162767159494
0.1199467866574119 29911.079970792292
0.13710392255140597 32062.867281932395
0.15671520765846486 34407.37286238146
0.17913168240848382 36882.62111176715
0.20475459990088984 39514.14544041031
0.2340426083029296 42310.09148085253
0.26751996061506 45403.8960590247
0.3057858987575964 48456.02803210994
0.349525379953002 51941.929121925445
0.39952133740521356 55403.00484816493
0.45666869474117544 59257.837280652035
0.5219903850719515 63450.80953560985
0.5966556614133445 67790.79883252516
0.6820010262210554 72387.71856087432
0.779554154677415 77552.48279795672
0.8910612399545627 83407.02841714334
1.0185182499321332 88670.919902787
1.164206654862144 94735.94643502918
1.3307342655034538 100992.84258899784
1.521081912725117 107781.76404009823
1.7386568041397523 115090.48625616518
1.9873535128464532 122962.59194219578
2.2716236899767512 131300.73184440396
2.5965557488927207 140436.3792864554
2.9679659473778535 149794.15539616335
3.392502498184753 159863.5893159221
3.877764571509937 170609.90878703078
4.432438319530685 182179.0312794872
5.066452357832022 194747.28827637987
5.791155486829083 208067.8613771596
6.6195198343840005 221932.16400505463
7.566373055853736 236981.46804984746
8.648663747931362 252911.79074117242
9.531810180295192 264433.42896233575

