0.000025196225047055485 212.3288267917656
0.000025947251545148132 282.7167568361979
0.000025581932544538302 247.65350229254463
0.000026211383374844983 335.8911383451796
0.000026926356984686853 437.95772493780356
0.000026693614697027718 371.05526613452986
0.00002768485652676405 549.3822803531725
0.00002836605040831908 663.1194460523099
0.000028887922825271904 765.1596930364431
0.000030511857666444704 876.4995761725712
0.00003242351785028946 994.3449618287324
0.000034876260439956096 1138.8366866560789
0.00003820473014464295 1294.9229860870723
0.00004210595374519457 1477.513723874349
0.00004697298705258019 1693.5364206136253
0.00005336669309419516 1925.6864896807654
0.000061000241529680505 2198.1268532528375
0.00006972568939416067 2496.6916071590726
0.00008006329149342042 2767.8426896184874
0.00009109936328469614 3031.447711257821
0.00010413017635846415 3336.6740106709417
0.00011902491123410932 3664.5418815706053
0.00013605018247081892 4035.736783070686
0.00015551074105769853 4439.63313071996
0.00017775492943202512 4841.056926806118
0.00020318091678092506 5264.2446313785185
0.0002322438262378765 5714.965283949502
0.0002654638815502806 6214.54689945038
0.0003034357190428011 6739.196358147141
0.00034683903155986387 7259.94603799969
0.0003964507349130368 7808.009539500159
0.00045315887461172056 8411.34831342754
0.0005179785218065144 9041.346501553524
0.0005920699429813668 9739.987414490872
0.0006767593686305435 10463.72808176074
0.0007735627326780645 11272.278947332952
0.0008842128075733125 12069.88404136402
0.001010690220778844 12938.185130876689
0.0011552589078430574 13838.398680605806
0.001320506636664858 14801.247323813552
0.0015093913283314173 15831.089087477194
0.001725294003668305 16904.60123072931
0.0019720793032409873 18050.908638750756
0.0022541646641108665 19232.48576285635
0.0025765993916042475 20514.0147848689
0.0029451550414725455 21856.82201294002
0.0033664287302771416 23261.861954394266
0.003847961223246525 24716.30768366991
0.004398371913368836 26218.29056036791
0.005027513107834775 27811.54728713958
0.005746646383545808 29583.06469481919
0.0065686441684371264 31363.498143072255
0.007508220156904864 33361.264838774
0.00858219268375522 35447.17478283256
0.009809785771048076 37788.30610535392
0.011212973236549373 40239.66251396275
0.012816872023306143 42850.040293502425
0.014650191790911624 45579.46744532495
0.01674574881610864 48536.242467512064
0.019141053401510035 51741.84963407305
0.02187898130700605 55007.32362240496
0.02500854122242595 58640.31748127958
0.028585752019153816 62306.79781252866
0.032973846103806784 66623.61375721704
0.037348412480195846 70380.62447559502
0.042690713063686034 74904.9596435422
0.04879717398570438 79676.19507895569
0.05577710040680011 84424.8839666094
0.06375543244987257 89358.0052686643
0.07287498161834735 94631.53943566502
0.08329898711062825 99995.52355008862
0.09521403778865133 106364.95739819882
0.10883341210354326 113077.74412906061
0.12440089576278254 120081.69461846791
0.14219514547480483 127660.1567922129
0.16253467688172385 135791.75003618523
0.18578356596377107 144123.1053708656
0.21235796597012765 153472.48178891634
0.24273355652869733 163158.26613467815
0.2774540582732766 173359.72136817744
0.3171409653992753 184402.24845318598
0.36250467035995004 196040.0377856582
0.414357179834315 208297.42269677986
0.4736266495815497 221565.3831763749
0.5413739983546108 235288.97649605336
0.618811898260794 250276.2231024525
0.7073264814951472 266218.1152013261
0.8085021519955543 282863.3777976522
0.9241499461460863 300880.980075945
1.05633995018298 320752.856780429
1.2074383545721599 343827.64805864525
1.3801498086287298 367750.50156730524
1.577565833522714 393771.8300629031
1.8032201602599303 421401.9760806293
2.0611519831834886 450473.8637571784
2.3559782612284175 482348.5405762429
2.69297636111619 516478.6091151419
3.0781785217955675 553023.6566173406
3.518479831035825 591175.9258050333
4.021761646944553 632657.5044886791
4.597032673645426 677423.150434352
5.254590216359237 724556.9248202088
6.006204502341068 777109.5058366227
6.86532936700385 830263.2317314702
7.847343076492689 888031.3192558067
8.96982359741508 951915.8238118299
9.707174347851868 978252.9127358674

